14508050
14758050
15008050
15258050
15508050
15758050
16008050
16258050
16508050
14508025
14758025
15008025
15258025
15508025
15758025
16008025
16258025
16508025
14508000
14758000
15008000
15258000
15508000
15758000
16008000
16258000
16508000
14507975
14757975
15007975
15257975
15507975
15757975
16007975
16257975
16507975
14507950
14757950
15007950
15257950
15507950
15757950
16007950
16257950
16507950
14507925
14757925
15007925
15257925
15507925
15757925
16007925
16257925
16507925
14507900
14757900
15007900
15257900
15507900
15757900
16007900
16257900
16507900
14507875
14757875
15007875
15257875
15507875
15757875
16007875
16257875
16507875
14507850
14757850
15007850
15257850
15507850
15757850
16007850
16257850
16507850