15507725
15757725
16257750
15007750
15257750
15507750
15757750
16007750
16507775
14757775
15007775
15257775
15507775
15757775
16007775
16257775
17007800
14507800
14757800
15007800
15257800
15507800
15757800
16007800
16257800
16507800
16757800
17507850
14507850
14757850
15007850
15257850
15507850
15757850
16007850
16257850
16507850
16757850
17007850
17257850
14507825
14757825
15007825
15257825
15507825
15757825
16007825
16257825
16507825
16757825
17007825
17257825
17507825
14257850
19757850
17757850
19257850
19507850
19757875
14757875
15007875
15257875
15507875
15757875
16007875
16257875
16507875
16757875
17007875
17257875
17507875
19257875
19507875
19757900
14757900
15007900
15257900
15507900
15757900
16007900
16257900
16507900
16757900
17007900
17257900
17507900
17757900
18007900
18257900
18507900
18757900
19257900
19507900
19757925
14757925
15007925
15257925
15507925
15757925
16007925
16257925
16507925
16757925
17007925
17257925
17507925
17757925
18007925
18257925
18507925
18757925
19007925
19257925
19507925
19757950
14757950
15007950
15257950
15507950
15757950
16007950
16257950
16507950
16757950
17007950
17257950
17507950
17757950
18007950
18257950
18507950
18757950
19007950
19257950
19507950
19757975
14757975
15007975
15257975
15507975
15757975
16007975
16257975
16507975
16757975
17007975
17257975
17507975
17757975
18007975
18257975
18507975
18757975
19007975
19257975
19507975
19758000
14758000
15008000
15258000
15508000
15758000
16008000
16258000
16508000
16758000
17008000
17258000
17508000
17758000
18008000
18258000
18508000
18758000
19008000
19258000
19508000
19258025
14758025
15008025
15258025
15508025
15758025
16008025
16258025
16508025
16758025
17008025
17258025
17508025
17758025
18008025
18258025
18508025
18758025
19008025
19008050
15258050
15508050
15758050
16008050
16258050
16508050
16758050
17008050
17258050
17508050
17758050
18008050
18258050
18508050
18758050
18508075
15758075
16008075
16258075
16508075
16758075
17008075
17258075
17508075
17758075
18008075
18258075
18008100
15758100
16008100
16258100
16508100
16758100
17008100
17258100
17508100
17758100
17258125
15758125
16008125
16258125
16508125
16758125
17008125
17258150
15508150
15758150
16008150
16258150
16508150
16758150
17008150
17258175
15508175
15758175
16008175
16258175
16508175
16758175
17008175
15507725
15757725
16257750
15007750
15257750
15507750
15757750
16007750
16507775
14757775
15007775
15257775
15507775
15757775
16007775
16257775
17007800
14507800
14757800
15007800
15257800
15507800
15757800
16007800
16257800
16507800
16757800
17507850
14507850
14757850
15007850
15257850
15507850
15757850
16007850
16257850
16507850
16757850
17007850
15258125
15258150
15258175
15008125
15008150
15008175
14758175
14758125
14758150
14508150
14508175
14258175
14258150
14258200
16008200
16258200
16508200
16758200
16008225
16258225
16258250
16508225
16758225
19507825
19757800
19757825
20007800
20007825
20007850
20007875
20007900
20007925
20007950
20007975
20008000
20257800
20257825
20257850
20257875
20257900
20257925
20257950
20257975
20507825
20507850
20507875
20507900
20507925
20507950
16758250
16508250
17257850
14507825
14757825
15007825
15257825
15507825
15757825
16007825
16257825
16507825
16757825
17007825
17257825
17507825
14257850
19757850
17757850
19257850
19507850
19757875
14757875
15007875
15257875
15507875
15757875
16007875
16257875
16507875
16757875
17007875
17257875
17507875
19257875
19507875
19757900
14757900
15007900
15257900
15507900
15757900
16007900
16257900
16507900
16757900
17007900
17257900
17507900
17757900
18007900
18257900
18507900
18757900
19257900
19507900
19757925
14757925
15007925
15257925
15507925
15757925
16007925
16257925
16507925
16757925
17007925
17257925
17507925
17757925
18007925
18257925
18507925
18757925
19007925
19257925
19507925
19757950
14757950
15007950
15257950
15507950
15757950
16007950
16257950
16507950
16757950
17007950
17257950
17507950
17757950
18007950
18257950
18507950
18757950
19007950
19257950
19507950
19757975
14757975
15007975
15257975
15507975
15757975
16007975
16257975
16507975
16757975
17007975
17257975
17507975
17757975
18007975
18257975
18507975
18757975
19007975
19257975
19507975
19758000
14758000
15008000
15258000
15508000
15758000
16008000
16258000
16508000
16758000
17008000
17258000
17508000
17758000
18008000
18258000
18508000
18758000
19008000
19258000
19508000
19258025
14758025
15008025
15258025
15508025
15758025
16008025
16258025
16508025
16758025
17008025
17258025
17508025
17758025
18008025
18258025
18508025
18758025
19008025
19008050
15258050
15508050
15758050
16008050
16258050
16508050
16758050
17008050
17258050
17508050
17758050
18008050
18258050
18508050
18758050
18508075
15758075
16008075
16258075
16508075
16758075
17008075
17258075
17508075
17758075
18008075
18258075
18008100
15758100
16008100
16258100
16508100
16758100
17008100
17258100
17508100
17758100
17258125
15758125
16008125
16258125
16508125
16758125
17008125
17258150
15508150
15758150
16008150
16258150
16508150
16758150
17008150
17258175
15508175
15758175
16008175
16258175
16508175
16758175
17008175
15258125
15258150
15258175
15008125
15008150
15008175
14758175
14758125
14758150
14508150
14508175
14258175
14258150
14258200
16008200
16258200
16508200
16758200
16008225
16258225
16258250
16508225
16758225
19507825
19757800
19757825
20007800
20007825
20007850
20007875
20007900
20007925
20007950
20007975
20008000
20257800
20257825
20257850
20257875
20257900
20257925
20257950
20257975
20507825
20507850
20507875
20507900
20507925
20507950
16758250
16508250
19508025
14507875
14507950
15008050
15008100
17508125
17758125
18758075
16757775