3442
3542
3543
3640
3641
3642
3737
3738
3832
3833
3834
3927
3928
3929
4022
4023
4116
4117
4209
4382
3444
3545
3644
3739
3741
3835
3837
3930
3932
4024
4026
4118
4120
4210
4212
4298
4300
4384
4464
4541
3342
3443
3544
3546
3643
3740
3836
3931
4025
4119
4211
4299
4383
4463
4540
4617
4982
5033
5080
5081
3547
3645
3646
3742
3743
3838
3839
3933
3934
4027
4028
4121
4213
4301
4385
4465
4542
4983
5034
5082
3548
3647
3744
3840
3935
4029
4122
4214
4302
4386
4466
4543
4619
4688
4755
4820
4876
4984
5035
5083
3549
3648
3745
3841
3936
4123
4215
4303
4387
4467
4544
4620
4689
4756
4821
4877
4932
4985
5036
5084
3550
3649
3746
3842
4030
4124
4216
4304
4388
4468
4545
4621
4690
4757
4822
4878
4933
4986
5037
5085
3551
3650
3747
3937
4031
4125
4217
4305
4389
4469
4546
4622
4691
4758
4823
4879
4934
4987
5038
5086
3552
3651
3843
3938
4032
4126
4218
4306
4390
4470
4547
4623
4692
4759
4824
4880
4935
4988
4989
5039
3748
3749
3844
3845
3939
3940
4033
4127
4219
4307
4391
4471
4548
4624
4693
4760
4825
4881
4936
4937
3941
4034
4035
4128
4129
4220
4221
4308
4309
4392
4393
4472
4473
4549
4625
4694
4761
4826
4827
4882
3942
3943
4036
4037
4130
4131
4222
4223
4310
4311
4394
4474
4475
4550
4551
4626
4627
4695
4696
4762
3832
3849
3850
3927
3944
3945
4038
4039
4116
4132
4133
4224
4225
4312
4313
4395
4396
4397
4476
4477
3442
3542
3543
3640
3641
3642
3737
3738
3739
3833
3834
3835
3928
3929
3930
4022
4023
4117
4209
4382
3444
3545
3644
3655
3741
3752
3753
3754
3837
3932
4024
4026
4118
4120
4210
4212
4298
4300
4384
4541
3354
3355
3356
3456
3457
3556
3557
3558
3656
3657
4040
4041
4134
4135
4136
4226
4227
4314
4315
5032
5078
5079
5124
5125
5126
5127
5128
5129
5130
5131
5132
5170
5171
5172
5173
5174
5175
5176
5177
5216
3443
3544
3643
3740
3836
3931
4025
4119
4211
4228
4299
4316
4383
4463
4464
5217
5218
5219
5220
5221
3342
3546
3645
3742
3838
3933
4027
4121
4213
4301
4385
4465
4540
4542
4617
4982
4983
5033
5080
5081
3547
3646
3743
3839
3934
4028
4122
4214
4302
4386
4466
4543
4619
4688
4755
4820
4876
4984
5034
5082
3548
3647
3744
3840
3935
4029
4123
4215
4303
4387
4467
4544
4620
4689
4756
4821
4877
4932
5035
5083
3549
3648
3745
3841
3936
4030
4124
4216
4304
4388
4468
4545
4621
4690
4757
4822
4878
4985
5036
5084
3550
3649
3746
3842
3937
4031
4125
4217
4305
4389
4469
4546
4622
4691
4758
4823
4933
4986
5037
5085
3551
3650
3747
3843
3938
4032
4126
4218
4306
4390
4470
4547
4623
4692
4759
4879
4934
4987
5038
5086
3552
3651
3748
3844
3939
4033
4127
4219
4307
4391
4471
4548
4624
4693
4824
4880
4935
4988
4989
5039
3749
3845
3940
4034
4128
4220
4308
4392
4472
4549
4625
4694
4760
4761
4825
4826
4881
4882
4936
4937
3941
3942
4035
4036
4129
4130
4221
4222
4309
4310
4393
4394
4473
4474
4550
4626
4695
4696
4762
4827
3849
3850
3943
3944
3945
4037
4038
4131
4132
4223
4224
4311
4312
4395
4396
4475
4476
4477
4551
4627
3354
3355
3356
3456
3457
3556
3557
3558
3655
3656
3657
3752
3753
3754
4039
4040
4133
4225
4313
4397
4041
4134
4135
4136
4226
4227
4314
4315
5032
5078
5079
5124
5125
5126
5127
5128
5129
5130
5131
5132
3445
3448
3652
4228
4316
5040
5170
5171
5172
5173
5174
5175
5176
5177
5216
5217
5218
5219
5220
5221
3654
4297
4552
4628
4883
